# gen 789 dim 36 actions 16 total 2768
-0.03885482
-0.5106185
0.05586208
0.4684592
-0.4131184
0.02733438
0.5417088
0.1456518
-0.5698703
-0.5558431
-0.194515
-0.5388081
-0.8199296
-0.06959537
-0.6709777
-0.4796402
-0.06355824
-0.2453287
-0.1405238
0.4271916
-0.06039675
0.6025633
-0.0138471
0.1714088
0.4679926
0.1288338
-0.1206345
-0.0203121
-0.312696
0.09390249
-0.3143391
-0.1008909
-0.2559434
0.05650937
0.356712
0.2986284
-0.0542581
-0.08759097
0.3815543
-0.06334938
-0.02066896
0.6154608
-0.1794674
0.2519685
0.6296001
-0.2113815
0.3852534
1.093187
0.4141514
0.3336511
0.3643004
-0.2058775
-0.03551061
-0.01024434
-0.4190234
-0.007367203
-0.1183915
-0.2456969
-0.3692713
-0.1930372
-0.6274583
-0.2781402
0.5786252
-0.5276537
0.1509201
0.01516466
0.4694648
0.4696105
0.3759532
-0.6491201
0.1149518
0.1273984
0.4057556
-0.2249809
0.5209651
-1.451511
0.2678563
0.6091051
-0.1997583
0.5135087
0.7062413
-0.4968795
-0.0357806
0.4710398
-0.5760691
0.2092893
0.7075372
0.131814
-0.1231828
0.5112632
-0.1361181
0.3995123
-0.1881972
-0.4122891
0.1031139
0.01836202
-0.2158918
-0.2314271
-0.4480353
-0.4503288
0.277059
0.362494
-0.08902911
-0.1857
0.3747885
-0.2888809
-0.4431209
0.3043937
-0.5789015
0.04860369
-0.06665066
-0.11653
-0.4193574
-0.4309413
-0.0508869
-0.2658422
0.1896802
0.7411368
0.1218086
0.03434994
0.4772478
0.1634745
-0.2417605
-0.5500079
-0.04924915
-0.4104176
-0.6710203
0.1290496
-0.2732431
-0.4692656
-0.2137039
-0.1375856
-0.04164083
0.1424062
0.02754003
0.2407887
0.3657929
0.4131724
-0.8690067
0.6848103
0.001311371
-0.1726645
0.8123302
-0.01516683
0.1623245
0.8453932
-0.3642092
0.1962917
-0.4948136
0.3797719
-0.1912906
0.03997092
-0.510088
-0.5169183
0.06351157
-0.6233871
-0.41787
0.0802691
-0.50193
-0.9451103
0.2534787
-0.1264511
-0.2015559
0.03656702
0.5184309
-0.06637884
0.1605127
-0.3035082
0.1711496
0.1970147
0.6458194
0.1134054
0.4079986
0.2538137
0.3489412
-0.002876336
-0.00606668
0.2090205
-0.7243678
0.2424566
-0.04366954
-0.2427371
-0.090986
-0.01132583
0.029873
-0.4523455
-0.02314824
0.3438256
-0.2030194
0.5409376
-0.5077767
-0.4588205
0.7586442
-0.127883
-0.1490749
0.6988759
-0.4413717
-0.2415886
0.009304761
-0.02768149
-0.2719078
-0.1285669
-0.4772086
0.08742735
0.2509927
-0.07836826
-0.01058262
-0.2098691
0.0532916
0.6816067
0.3910229
0.4058334
0.2129135
0.2453731
-0.2086726
0.2481594
0.1107884
0.07456704
-0.09226613
2.33342
-0.2284795
-0.2351297
-0.1270303
0.2746814
-0.6501352
0.2191053
0.3469492
-1.064172
-0.1819013
-0.1375865
-0.923832
-0.4546373
0.370834
0.5410303
-0.5876411
-0.2065585
-0.1505422
-0.6816165
-0.6337787
-0.09706488
0.1018225
0.1218879
0.2502708
-0.329125
0.5946718
0.1156989
0.06745546
1.011137
0.04693792
-0.1097423
0.4694392
-0.3216569
0.3411233
-0.5110738
0.1578107
1.273535
-0.2586063
-0.07794985
0.1658698
0.5877876
-0.8874311
0.1718998
-0.1739564
-1.121827
0.1688959
0.2592185
-0.9283126
-0.1549806
-0.2277004
-0.270465
0.5148596
0.4004283
-0.0658715
-0.06321468
-0.1318527
0.1244799
0.3984248
-0.1785708
-0.3865972
0.3446952
0.03054063
-0.2354088
-0.1814859
0.02892658
-0.9090413
0.2072028
0.06868513
-0.1382947
-0.1339129
-0.02062017
-0.3880976
0.2272884
-0.1832847
0.660112
-0.2294305
-0.0828427
-0.3044759
-0.3554065
-0.5029357
-0.07451032
-0.07444762
-0.06748584
-0.1431843
-1.111857
-0.176651
-0.08186319
-0.2650283
-0.3464272
0.005411125
0.003709874
-0.113448
-0.004059201
0.07949614
-0.1556051
0.49134
-0.08058153
0.1599923
0.09918787
0.4066235
0.3838629
0.4300659
-0.4536424
-0.0728973
0.1883093
0.2581242
0.1183001
-0.08566755
-0.3797178
-0.04007061
-0.06496225
0.3326891
-0.5035979
0.381841
0.1010508
-0.04407158
0.422339
0.3396722
-0.4174251
0.8532977
0.02880301
-0.4284731
0.482324
0.8767086
-0.1328958
0.1599445
-0.1113652
-0.2658518
0.153874
0.9271882
0.2880934
-0.317581
0.4362856
0.1259731
0.153122
0.7659985
-0.2876838
0.1084549
-0.1691642
-0.3279557
0.07585843
-0.6414851
1.261909
0.253125
0.4070095
-0.5842612
-0.1475693
0.1557838
-0.09303457
-0.5790313
0.03315875
0.1409737
-0.2975859
0.002230167
0.3864121
-0.18909
-0.2551147
0.3137732
0.3316972
0.04810622
0.4168152
-0.1664498
-0.5203715
-0.03022829
0.0617615
-0.3292916
0.1804794
-0.2697322
-0.2712935
-0.1451966
0.389294
0.3380689
-0.2509994
-0.01927116
0.2947246
-0.05304254
0.1526755
0.5798773
-0.07191561
0.2556102
1.020568
-0.1832943
0.1929498
-0.4766503
0.5636373
-0.73724
0.2656956
-0.1984586
-0.4130797
-0.01054702
0.09363023
-0.5841879
0.2614253
-0.04589742
-0.7661839
-0.3703366
0.06400569
0.02774923
-0.2091199
0.2693791
0.3480445
-0.3683771
0.3056108
0.5457692
-0.3805319
0.5817768
-0.1307551
-0.2165886
0.2445739
0.2286841
-0.05212074
0.8298558
-0.3544876
0.1649179
0.06159404
0.07510226
-0.4439103
-0.5566935
0.003200869
0.05712823
-0.09207836
0.6100213
0.428535
0.2508062
1.089492
0.3207117
0.3793275
0.3013779
0.1158687
0.203883
0.002688865
0.3728542
0.136909
0.1509439
0.3260355
-0.1322468
-0.1724388
-0.5394627
0.6781859
-0.06407969
0.005936819
-0.4918768
-0.5429945
-0.278227
0.2179186
0.2893518
-0.07349636
-0.4121383
-0.0174868
0.2279425
-0.5284693
-0.6285762
-0.9016251
0.07818236
0.07346201
-0.08898536
0.3275472
-0.1001078
0.3637462
-0.9289024
0.2976189
0.3794462
0.4000544
0.1966615
0.03404095
-0.2177456
-0.1372025
-0.4196942
-0.1297565
0.3197899
-0.1408627
-0.2651389
0.02239759
-0.2357218
-0.3429462
0.6996718
-0.4094693
0.002437324
0.3706113
-0.4299398
-0.1150212
0.6268525
0.4912149
-0.8522452
0.0210992
0.2369865
0.7366154
-0.0116524
-0.08391354
0.1950907
-0.2718927
-0.1368831
0.121055
-0.0245774
0.134529
0.3947436
0.07266941
0.5767121
0.5156758
-0.2057977
0.1218191
0.1120514
-0.09872857
-0.01897799
-0.08047137
0.2048467
-0.2559625
0.4604663
0.04143541
-0.1019905
0.4771314
0.09140152
0.1856974
-0.1033602
0.4690554
0.2211172
-0.1224438
-0.1896082
0.442819
-0.4056747
-0.6371248
-0.09912422
0.1874916
0.3624347
1.960248
0.04757661
-0.288197
0.06952648
0.008360791
-0.7270922
0.1920848
0.1984999
-1.349241
0.2348168
0.1050195
-1.038436
0.1578335
-0.09032895
-0.1401541
0.1976761
-0.129446
0.2634475
-0.2156635
0.02197885
0.7899961
0.008317719
0.3826886
0.5354409
-0.03182493
0.1741724
-0.2968635
0.2303949
0.1599162
0.1223837
-0.135227
0.1888378
0.09611953
-0.08864467
-0.3663297
-0.1156836
0.302924
0.2755505
-0.3496074
0.3019059
-0.01285676
-0.5361987
-0.4893644
-0.3082275
-0.2621552
-0.5927527
0.06252663
-0.5869007
-0.313159
-0.07058834
-0.4840952
0.1162778
-0.07094158
-0.3879495
-0.2540059
-0.5249015
-0.220265
-0.4120104
-0.4760784
-0.08737253
0.3815288
-0.08888342
0.3121566
0.2896076
0.1369341
-0.2298272
0.1566872
0.2092928
0.3762225
0.1249072
-0.4999218
-0.111026
-0.8695753
-0.8539744
-0.9188075
0.2520715
0.3004944
1.022096
0.3901427
0.1833552
0.6669893
-0.1347103
-0.3954795
0.1966869
-0.7231269
-0.002269829
-0.06150203
-0.596027
0.1903954
0.006757579
0.6238527
0.149591
0.2496948
0.4238068
-0.08776094
0.2474972
0.1566315
-0.3852162
0.07585431
-0.5148973
-0.2001578
-0.3531453
-0.4102101
-0.1758583
-0.3485696
0.02524949
0.4904334
-0.1864644
-0.7324415
0.3697262
0.5890607
0.3757287
-0.101046
0.6271813
-0.9708229
-0.176414
0.7226899
-0.798216
0.167137
0.9465055
-0.3984494
-0.1684925
0.3539601
0.3360122
0.2184832
-0.1474681
0.5091388
-0.2047062
0.2774822
-0.117542
-0.3724475
-0.101727
0.3987843
0.2959269
0.2614438
0.4579061
0.3127807
0.009323941
-0.4645523
0.6629736
0.1600819
0.4510539
-0.221742
0.5066528
-0.3395522
0.4159375
0.4273154
-0.3689923
-0.2854922
-0.113741
0.1865071
0.4460896
0.05779865
-0.08599435
0.3711578
0.1016265
-0.1818962
0.3898925
0.04510973
-0.3643188
-0.04231759
-0.127461
-0.006706493
0.02229673
-0.2940429
-0.02879047
-0.1959847
-0.01814222
-0.2871968
0.2823854
-0.3577863
-0.2066216
-0.4103707
0.2564889
0.0800887
0.04102549
0.5685793
-0.03450272
0.477728
0.1813143
-0.002259917
0.09509172
0.1599148
-0.4351551
0.2512431
0.3875467
-0.5202704
0.04260946
-0.4212319
-0.3611508
0.1047501
-0.4847621
-0.2607927
-0.2640235
0.1697418
-0.4041555
-0.2437615
-0.1657182
-0.01842338
0.2270741
-0.7863639
-0.6270769
0.244874
-0.3839715
-0.4579438
0.3874197
-0.04475959
0.2374334
0.5583053
0.3390384
-0.4187271
0.5576641
0.319446
0.2355573
0.4127302
-0.04954648
0.140791
0.1483185
-0.2059082
0.1484585
-0.1028294
0.393843
0.740327
-0.03591698
0.1771945
0.7394271
0.03973845
0.3655403
0.8824703
-0.7130521
0.36306
0.413671
-0.496394
0.09968672
0.2390414
-0.3489473
0.5340035
-0.001416069
-0.09889974
-0.2557429
0.4034351
0.393186
0.5243766
0.7324183
-0.1442486
-0.09588446
-0.2330159
0.1405774
0.1086245
-0.006589075
-0.2151832
0.2447519
-1.482308
0.2943312
-0.6854143
-0.0800913
0.1331488
0.3176673
0.6695889
0.09498011
1.137479
0.3763952
-0.0686691
0.7730473
0.3522523
-0.09648681
0.2880398
0.4878802
0.06646076
0.3777658
0.05281457
0.1263832
0.02631852
-0.05519817
-0.09003363
0.4924787
-0.0248253
0.3642884
-0.1050178
0.1086777
-0.3229879
0.2139206
-0.3825978
-0.506323
0.2953722
0.01264473
0.02100517
0.1374399
0.2009897
-0.07884397
0.3890899
-0.4981769
0.1056657
0.1185654
-0.3221756
-0.2337647
-0.01453196
-0.4858799
0.1340947
0.05259304
-0.2203492
-0.2055947
0.2932398
0.001981758
0.2541568
0.6044991
-0.2978445
0.5699668
-0.2020571
-0.6015713
0.6425328
0.2042602
0.09627956
-0.006985968
-0.05361914
0.09846157
0.5636402
-0.02684928
-0.7122416
-0.2405733
0.2390362
0.1354704
-0.2579646
0.2628039
-0.612712
-0.1528136
-0.402833
-0.1000109
-0.1527886
0.1014626
-0.225758
-0.171618
0.2147419
-0.1129393
-0.1052879
0.6496036
-0.3372753
-0.1389649
0.4117352
-0.3652481
0.04652416
0.1385409
0.09858982
0.02615231
-0.03976505
-0.06508362
0.0737564
0.1310557
-0.1122653
-0.1838898
-0.07025086
-0.4130235
-0.3397714
0.5888949
-0.02415845
-0.3370185
0.1127364
-0.4383937
0.6176111
0.1336745
-0.8461277
0.1894257
-0.232535
0.2268495
0.1724363
-0.0348
-0.02099158
0.2009694
-0.3590014
-0.4488623
0.09679233
0.02391699
-0.4091681
0.2406306
0.3221105
-0.5238366
0.1434878
0.03011866
-0.5615106
-0.1669329
-0.06248172
-0.1895379
0.07485575
-0.4760007
-0.1124753
0.1309447
0.2721642
0.08042787
-0.2760579
0.1196072
1.087316
-0.2204404
-0.4858647
-0.1709121
-0.3878505
-0.133463
0.282529
0.2204616
-0.4145773
0.1566973
0.1594492
0.3058536
-0.5211221
-0.3064417
-0.1214853
-1.172731
-0.1901112
-0.1121091
-0.6498941
-0.3554693
0.04334838
-0.6035818
0.3121154
-0.07774841
-0.2535756
0.1967571
0.1883465
-0.5564716
-0.1549221
0.3491544
-0.02650037
-0.1219936
0.270195
0.3157999
-0.1171845
-0.2605217
-0.1126842
-0.2186826
-0.004843191
-0.6252633
-0.1407304
-0.1959835
-0.1478181
-0.05095144
0.1777069
0.5050157
0.3796504
0.2131303
-0.9527576
-0.7631845
0.07426879
-0.4225643
-0.4389829
0.2352505
-0.2028937
-0.06712192
0.09588768
0.2272926
-0.5590118
-0.03498399
0.09616154
-0.4233105
0.5221216
-0.1779339
0.3677938
-0.1769684
-0.1388092
0.3774071
0.3215452
0.4464067
0.07109572
-0.03417453
-0.1214989
-0.584002
0.2261381
-0.2187773
0.1653361
-0.007458056
-0.7904502
-0.0003421588
-0.2751918
-0.4578954
-0.2374728
0.4775176
0.1125575
0.05218924
0.7724982
-0.4235435
0.04819736
0.2601801
-0.2715735
0.04917705
0.6742896
-0.343918
-0.09490803
0.3913085
-0.3464333
0.1164813
0.1115623
-0.9471609
0.3535023
0.5746483
-0.3002232
-0.04873837
-0.009283791
-0.3844375
0.1640797
0.5461787
-0.4396663
-0.666608
0.2313463
0.1081662
-0.7137342
0.3438155
0.4452503
0.343341
-0.1602803
0.5937717
0.7418805
-0.188148
0.2479459
0.1539735
0.1800074
0.2592551
-0.1094253
0.2573665
-0.2635091
-0.1954734
0.5733889
0.1987575
-0.3789917
0.8372671
-0.4444979
-0.02654558
0.2174251
0.0357345
-0.03899509
0.05725963
-0.2996824
-0.6161936
-0.4998366
-1.075854
0.05903915
-0.7951493
-0.7620428
0.6942219
0.1374778
-0.06785595
-0.7052052
-0.2449553
-1.151842
0.1322336
0.003018368
0.2067203
0.1493169
0.3369563
0.2987953
0.2989105
1.269461
0.3105111
-0.008459296
1.519405
0.7909804
-0.3049104
0.6889987
0.1732391
-0.06080901
0.2122589
0.1680895
0.2649813
0.2321327
0.03300419
0.4836494
0.1620135
0.2740108
0.01138798
0.3098306
0.3609198
-0.2178441
0.008471638
-0.04176425
-0.2147627
-0.4225935
-0.4391381
0.7545938
0.04633249
-0.2522591
-0.2858861
0.5933593
0.2856826
0.5086912
0.2551097
-0.4112995
0.09539179
0.1162007
-0.1918586
0.3659514
-0.1971441
0.1345193
0.1133651
0.1546787
-0.1569421
0.2552564
-0.2675971
-0.1899393
0.02888687
-0.4676065
-0.3925086
-0.0252565
-0.627076
0.1924343
0.1992954
-0.06587863
-0.3719437
-0.06079869
0.1365889
0.3594823
0.1650997
0.7714955
-0.008230759
0.1392854
0.04166236
0.0002667632
0.1192307
-0.03478199
0.1117527
0.08850135
0.06228087
-0.003935262
0.1024076
0.1304135
0.1236425
0.162192
-0.05533451
0.07425314
0.1911151
0.02770928
0.1267052
0.1308333
0.04301681
-0.07296022
0.2080772
0.0230685
0.117398
0.09239129
0.01218385
0.1073674
0.1851585
0.2480923
-0.06741142
0.1584892
-0.02303062
-0.1368061
0.212081
0.455876
-0.009549064
-0.4642463
0.08949152
0.3339803
-0.7099537
0.3267889
0.475926
-0.08831837
0.3190885
-0.1349896
0.2591379
0.0125234
0.1542246
0.6029984
0.4632459
-0.2281152
0.6421344
-0.1282543
-0.002677351
-0.2885733
-0.07453503
0.8888875
0.2855209
0.1774639
-0.0117429
-0.4147094
-0.02819233
0.5411042
-0.5893093
0.416176
0.05818197
0.528865
0.5263268
-0.31575
0.5596154
-0.5916776
-0.360103
-1.265439
-0.1808661
0.212068
0.2752991
-0.09224502
0.08047462
-0.2609758
-0.316863
-0.2032657
1.057519
-0.03446845
0.1894438
-0.4465468
-0.2665826
0.5101341
-0.144823
-0.4039336
-0.116729
-0.2751694
0.3718509
-0.0270976
-0.4871332
0.17738
-0.1895484
0.4564044
0.3167419
-0.6421125
-0.3898813
-0.4227094
-0.1106083
-0.9920859
0.237109
-0.9237732
-0.5135902
0.4100705
0.2465208
0.5172465
-0.1705993
0.4442027
0.3368281
-1.269017
0.08453327
0.6056095
0.1143415
0.1786785
0.07551196
-0.1097072
0.2049729
-1.073686
-0.1325638
-0.1169816
0.1903739
0.2395115
0.03046615
0.6911498
0.3442182
-0.2242622
0.5725187
0.199929
0.2791657
0.2802332
-0.5207262
0.09964973
-0.14058
-0.204872
0.2475437
-0.3892936
-0.2626095
0.4089219
-0.4750304
-0.2469195
0.2132936
-0.195113
-0.6005703
0.2789947
0.1162098
-0.3340205
0.3426643
0.4624705
0.05347929
0.06390625
0.7392037
0.3322719
0.3369362
-0.05872995
-0.3059123
0.4431656
0.04103585
-0.1534416
-0.2570458
-1.214818
0.1995498
-0.1915092
0.1005348
0.003501374
0.2635425
0.1817745
0.769467
0.2838774
-0.143166
-0.4567928
0.6364012
-0.1311133
0.0268933
0.4315314
0.7932274
-0.0678281
0.05625437
-0.5372141
-0.3534225
-0.1196316
0.01659258
-0.2885507
0.07001484
0.8994521
0.1592274
0.2767755
-0.02504134
-0.2191635
0.9526656
-0.4036906
-0.1401428
-1.000305
0.1542311
-0.2855623
0.3711071
0.5393076
0.382641
0.6904337
0.9027522
0.09706591
-0.03031987
-0.6200869
0.1358648
0.3022558
-0.7728242
-0.1822017
0.1282643
-0.3550336
0.2532841
0.4541712
-0.2119774
0.005600542
0.2227058
-0.2686105
0.6723584
-0.03462225
-0.4490701
0.1104726
0.3467001
0.2428345
0.260988
0.1808173
-0.2575044
0.1736506
0.2092992
0.06071268
-0.3676547
-0.1025884
0.8203079
0.5584165
-0.8566168
0.1664963
-0.5509891
0.6968345
-0.3838508
0.1675745
0.605906
0.5131137
-0.1557316
-0.3672237
0.05390878
0.1262097
0.2824753
0.3642612
0.329253
0.5843049
0.5073813
-0.230039
0.5512555
-0.1782928
0.4568065
-0.1953045
-0.9799083
0.08370197
0.05361937
-0.6738944
-0.03977542
-0.265871
0.178942
0.05868889
0.1479444
-0.6162191
-0.4687768
0.5796445
-0.3829805
0.3142712
0.05401289
0.6058549
0.5438381
-0.5885964
-0.4256938
0.4123933
0.3105927
-0.2626699
0.08205801
-0.1679076
-0.136674
-0.6633299
0.2820698
0.06935975
0.112182
0.5470006
-0.06065298
-0.09502054
0.6498755
-0.3990707
-0.02029786
-0.5196289
-0.2242016
0.2036236
0.2541833
0.6929957
-0.2112523
0.3691362
0.1979937
-0.03075018
0.2559095
0.1446929
-0.3106655
-0.1095783
0.6212111
0.1897245
0.7777934
-0.1108683
-0.4116331
0.004381926
-0.06947288
-0.4741174
0.1402295
0.6482321
0.4111893
0.1588044
0.3704581
-0.07131635
0.2115114
0.2477175
-0.05706572
0.1002895
-0.1699078
-0.8574115
-0.0769366
0.1591178
-0.06559729
-0.06836083
0.158205
-0.4646569
0.4940091
-0.2231116
0.5457195
0.04632728
0.3698472
-0.004013213
0.1274681
-0.7567991
0.3663333
-0.04979571
-0.6384632
0.3853737
0.609865
-0.1435474
0.2704843
-0.1488986
-1.169293
-0.02356719
0.1376444
-0.05443029
0.4215889
0.3640042
0.06923624
0.193395
0.09243735
0.4995014
0.01134947
-0.04520952
-0.4564911
-0.281686
-0.1461114
0.2444082
-0.01255479
-0.09394859
0.5685012
0.2647204
0.1788036
-0.6022778
0.2731049
0.7583093
0.6733845
0.2766086
0.3775819
-0.5285706
0.7448149
-0.158309
0.4835125
-0.07613874
-0.3543886
-0.1325526
0.8874419
-0.3159631
-0.03491546
0.3888369
-0.3929012
-0.08160937
0.3284961
0.9511895
-0.06011578
0.5123351
-0.136075
-0.320448
0.1774374
0.792109
0.08731337
-0.2391257
0.4833204
0.2867615
0.03406657
-0.2692209
-0.003660085
0.4024606
-0.1072866
-0.2442962
-0.2984756
-0.1553682
0.4540264
0.85112
0.2114213
0.6062289
0.3427138
-0.03718844
0.5028006
0.04649633
0.9721599
-0.07754018
-0.01710537
0.3317689
-0.1498413
-0.2248164
0.1405962
0.05838115
0.08847739
-0.05727216
0.1701266
0.1474732
0.289861
-0.2329928
0.2957737
-0.2604597
-0.01338148
0.1977378
0.3406075
-0.2169432
-0.1932295
-0.4843029
0.7434967
-0.2540582
-0.03325572
-0.0008777538
0.1408212
-0.2573758
-0.05869006
0.5917589
0.5679941
0.02487282
0.0003770689
0.8370096
-0.5405359
0.3242886
0.198001
-0.2685313
0.03306507
0.302033
0.1172793
-0.5108147
-0.8474189
-0.2895003
-0.05178998
-0.02157421
0.48676
-0.1272641
0.2954367
0.04125646
0.7263299
-0.9287702
-0.3531643
-0.02816153
0.3019588
-0.03908196
0.5190608
0.377383
-0.02474216
-0.1252794
-0.7416842
-0.7047415
-0.4555293
-0.1620602
0.201653
0.04015882
0.86346
-0.08314359
-0.5053984
0.4804113
-0.4120295
0.1801392
0.4021477
0.4232325
0.1889978
-0.05320949
0.9749949
0.009217823
0.7933489
-0.2730231
-0.1528316
0.903483
-0.1687906
0.243398
-0.4157275
-0.2577079
0.4784563
-0.2235912
0.2745091
0.3416531
-0.2099809
0.02623191
-0.9173022
-0.2259217
0.09503613
0.2103371
-0.02768086
-0.006908676
0.3048049
0.3410655
0.2657903
-0.5677922
0.2935622
0.02861718
-0.3534092
-0.6169492
0.3663176
0.6021918
-0.1677071
-0.5763715
0.3547851
-0.1346462
0.2475131
-0.2115363
1.096686
0.4329197
0.7705815
-0.2804393
-0.5594681
-0.1307982
0.4611099
0.3878149
0.2025631
-0.6229302
-0.1148515
0.1937813
0.55306
-0.5371759
0.4012612
0.06713552
-0.3720261
0.1859889
0.3191239
0.02639981
-0.660101
0.1104661
0.7992302
1.068505
0.4340156
0.2152664
-0.5658258
-0.1812572
-0.01083058
-0.4059308
0.09821382
0.08849809
-0.3248452
-0.8422822
-0.1375204
-0.0227221
0.2441995
-0.1777111
0.1330978
-0.1543901
-0.9332645
0.4428351
-0.5557561
-0.5695609
-1.056837
1.093105
-0.1942084
-1.092257
0.5702536
-0.1072849
-0.3519595
-0.7010625
0.2367811
-0.4007725
0.5205973
0.5219367
0.1843295
-0.2309721
0.9286269
0.5520589
-0.6468051
-0.1737064
-0.1792717
0.4016199
0.2869434
-0.2578951
-0.6847301
0.453514
-0.382211
0.2416863
-0.0804951
0.1471004
-0.4054994
0.01463552
0.3824458
0.4283225
-0.1270101
0.4662044
-0.296336
-0.8865146
0.1198501
-0.09109726
-0.9309235
0.2315256
0.2114113
0.04037775
0.1578172
0.2416492
-0.08369957
0.1051507
0.875875
0.1179052
-0.2403413
-0.06400284
0.2035548
0.3540031
0.4637149
-0.2573896
-0.3081871
-0.01437865
0.220445
-0.3506623
0.0480618
-0.5958379
0.1069876
0.5411187
-0.07796667
-0.3458241
0.3512019
0.2219852
-0.05790925
0.4812248
-0.616633
0.2510949
0.5063347
0.02316733
1.059023
0.2081727
0.401274
-0.3409943
-0.08746583
-1.849464
-0.1113942
0.1431233
-0.1640954
-0.3889473
0.4105359
-0.1175477
-0.6272572
-0.3783831
0.8257129
-0.09830408
0.6462497
-0.1590135
-0.2393844
0.06439103
-0.1530612
0.08950724
0.4805204
0.3986067
0.09246765
-0.9112429
-0.8478954
-0.2829326
-0.2122112
-0.1606868
0.1395478
-0.9391513
0.4779581
0.5173254
0.08074856
-0.2986981
-0.01824824
-0.3651363
0.8988396
-0.4316271
0.1163101
0.4699605
0.7674099
-0.03514102
-0.1015428
-0.6837524
0.6309195
0.166984
-0.3916168
0.1118239
0.2791775
-0.04726369
-0.08892793
0.303871
-0.06422295
0.1176922
0.4894547
0.2840728
0.4953766
0.6325369
-0.1023759
-0.2880174
0.2263129
0.4469385
0.2366999
0.1252055
-0.4630349
0.07942604
-0.44204
0.009256841
0.5305408
-0.3770921
0.5346207
0.3330725
0.3287195
-0.117687
-0.4960303
-0.3906748
-0.09314901
-0.1617595
0.376462
0.1027545
-0.06948741
0.243452
0.1709084
0.05914574
-0.05503254
-0.2212109
0.06363577
-0.52893
-0.3162633
0.8289704
-0.3075177
-0.06439201
0.3147367
-0.1559664
-0.02976611
-0.7261954
0.4108841
0.03480949
0.05111316
-0.8889871
-0.1785201
0.7950691
0.2552677
-0.6377367
0.1521293
0.3701752
-0.112755
0.1907338
-0.3387801
0.6174993
-0.4493635
0.2353845
-0.4302048
0.4485262
-0.33269
-0.3831029
-0.07638147
-0.1858963
-0.6637798
0.4774159
-0.6819393
-0.1296037
-0.4518092
0.4020987
0.02328155
0.02996519
0.1289738
-0.2595278
-0.6093631
-0.2004798
-0.412487
-0.04384105
-0.4731881
0.3074596
0.261444
0.4646834
0.04714246
-0.09247984
0.2544033
0.3890549
-0.04534123
0.2167945
-1.369422
0.4645201
0.6874576
-0.2765007
0.4845198
-0.9272848
-0.1483816
-0.6593765
0.3967807
-0.726165
0.3339025
-0.7492212
0.03408302
0.01425626
-0.2841389
0.1970064
0.468511
0.1641033
0.4286956
0.2849625
0.07952879
1.236662
0.1650453
0.5994854
-0.1312754
0.3407322
0.6559068
0.2357472
-0.5806365
-0.0651137
-0.6210714
-0.3117875
-0.1591063
0.2520556
-0.2418294
-0.2887588
-0.7952628
0.6004927
-0.3909402
-0.43065
-0.8842321
0.0625009
0.4022552
0.1706281
0.5065658
0.05857846
0.2858124
1.066754
-0.06890901
0.2451569
-0.6025795
0.2914036
-0.0588098
-0.3610499
0.2304435
-0.2362145
-0.1069797
0.6641545
-0.2469411
-0.2667472
0.09999413
0.3957413
-0.8130067
0.4950901
0.1454137
-0.3759981
-0.07325307
0.1749592
0.6154081
0.2197341
-0.01841225
-0.2674945
0.2419333
-0.2541914
-0.01227629
0.490191
0.3625179
-0.1558267
-0.5544109
-0.486217
0.8663113
-0.2598796
0.4137783
0.3459011
0.9484522
0.2489884
0.1628421
0.4631115
-0.5686123
-0.2969198
-0.0999407
0.5842221
0.4440572
-0.6925953
-0.1402085
-0.3194637
-0.2543777
0.09382219
-0.7446363
0.06387817
-0.1073173
-0.2490586
0.8026481
0.5429417
-0.1783437
-0.01902366
-0.7252108
-0.07687233
0.2537725
-0.2131637
-0.06916235
-0.7338253
0.2372837
-0.1255619
0.1290435
0.08815022
0.0328804
-0.08886033
0.2961182
0.4890339
0.2579434
-0.01047092
-0.1559987
0.2353774
0.5759754
-0.9748211
0.3624216
-0.03051406
0.2260877
0.1974315
-0.6146501
0.481778
-0.2688611
-0.3642416
-0.02260326
0.04031213
0.01380095
-0.05755432
-0.1279316
-0.3370928
0.1402022
0.07354424
0.1059357
0.389969
-0.2835892
-0.0262813
0.2105991
0.2307971
0.4183172
0.2678831
-0.5527722
0.3931192
0.1101918
0.4885344
0.01067479
0.008618924
-0.2054976
0.433031
-0.2028761
-0.3439562
-0.5563022
-0.3652126
-0.3364692
-0.2075405
0.6105122
-0.293834
-0.2328683
-0.2191884
0.3991542
0.7379868
0.1879953
-0.290758
0.3631758
-0.08160745
-0.180577
-0.0804411
0.6599496
0.4564239
0.9539693
0.381808
0.1086753
0.2503651
0.008464317
0.1888339
-0.4148012
0.5520142
0.1066373
0.8625975
0.3711323
-0.4104335
-1.014202
-0.1818662
0.6091333
0.03749391
-0.5946844
0.152154
0.575102
0.8222204
0.04523408
0.6948573
0.2819281
-0.5809154
-0.7052285
-0.2272919
0.1165629
0.03505494
-0.2630187
0.2528283
-0.1727459
-0.1623065
-0.2279987
-0.06176807
0.5219888
-0.04558129
0.07107429
-0.5611063
-0.3058113
-0.1261388
-0.2795293
0.2611513
-0.03847114
-0.2858772
0.4667545
-0.09604073
0.1710048
-0.1296738
0.1404155
0.01547081
0.2980048
0.02892826
0.6918954
0.1473085
-0.1201621
-0.2657434
-0.180981
-0.05925049
-0.7504033
0.4885673
0.1892022
0.001870589
-0.2034195
0.1240356
-0.421121
-0.7015163
0.2846002
-0.3742079
-0.8612885
0.1085871
-0.235226
0.3763703
0.4203622
-0.1627152
-0.1776207
-0.30596
-0.3461778
0.5063401
-0.001895526
0.4677903
-0.07021371
0.2847306
-0.07995251
-0.2970839
0.285832
-0.1600175
0.2085647
-0.5137717
-0.1051194
0.7266412
-0.01961665
0.1612339
0.2305282
0.05839441
-0.04135579
-0.06239894
0.05756992
0.0793835
-0.01468767
0.07546766
0.1432937
0.1707566
-0.03130224
0.06517356
0.06195431
0.06927482
0.1289077
0.09490333
0.133409
0.1462396
0.07830565
-0.04002663
0.2333037
0.1968336
0.07427542
0.1219952
0.1247615
0.02096253
0.1222766
0.1157331
0.1165767
0.03819359
0.1420867
0.1302229
0.08658969
-0.1074184
0.0151186
-0.4964414
-0.09340324
0.0773873
-0.4142695
-0.5573659
-0.01306026
-0.2066097
0.1195126
0.0730641
-0.5260448
-0.1162614
-0.7134883
-0.3173494
-0.6797422
0.1768019
-0.005711241
0.06095216
0.046823
0.1014991
0.0199763
-0.199945
-0.5887935
0.05133223
-0.1976594
-0.1959469
0.006266425
0.1103521
-0.06550585
0.1004548
0.08581873
0.0474629
-0.03273806
-0.2171069
-0.06858901
0.01264519
0.07370037
-0.1522594
0.03992189
-0.1091861
-0.1645856
0.0145365
-0.4986523
0.09446497
-0.1920233
-0.5553582
-0.453377
0.1571153
-0.112181
0.05382766
0.08046593
0.263732
-0.5460254
-0.02083431
-0.4409616
-0.06534386
-0.09146753
-0.5194895
-0.09734347
0.05760304
0.0518997
0.1161329
0.09836172
-0.1412554
0.1349507
-0.371039
-0.3322214
-0.003854521
-0.0326234
0.09186765
0.04429939
-0.1837936
0.2677435
0.07863091
0.2931838
0.001003885
-0.9175474
0.03947293
-0.6713716
0.1517332
0.1204938
0.08219662
-0.04014075
-0.2079804
-0.05332218
-0.320996
-0.4369024
0.0934101
-0.3530675
-0.1446876
0.3228998
0.01949775
-0.1443032
-0.05186229
0.09359035
0.1984885
-0.1230651
0.1827211
0.1187412
0.01462871
-0.2184105
0.1917359
-0.1076391
0.03304521
0.02652667
-0.05121275
0.04033611
0.04370619
-0.7287122
-0.2077248
0.03371199
-0.05253509
0.1031971
-0.02363471
-0.1362192
0.02863522
0.07617187
0.1545519
-0.7442934
-0.1096159
0.03747896
-0.7360692
-0.08772838
0.1246942
0.02908969
0.08520518
0.003308698
0.1102774
0.02739602
0.02147097
-0.2856268
-0.002079901
0.1174853
-0.3181249
-0.06663733
-0.0888368
0.09074445
0.08225338
-0.03806778
-0.1269415
-0.5418492
-0.05148188
-0.5021503
0.1143371
0.09587426
0.08618062
-0.004766757
-0.8627148
-0.05125648
-0.003333527
-0.8460774
0.08150959
-0.6328184
0.04729157
0.4354353
-0.02290877
-0.3456309
-0.07561957
0.2172873
0.2280319
-0.2573312
0.2460083
0.07828421
0.1005409
-0.1861651
0.08478066
0.0002560245
0.0836697
-0.1458598
0.06652869
-0.3410865
0.06906043
-0.6090523
-1.357319
0.3733629
-0.2698337
0.1149
0.04058424
-0.2100434
0.2273915
-0.1242862
0.2694343
-0.2125032
-0.402788
0.1086926
-1.418898
0.3593976
0.1897563
0.2823386
-0.2493402
-0.7594357
0.08812171
-0.4182823
-0.1841995
0.08687735
-0.4471685
0.1430305
-0.006497208
0.1089722
0.101577
0.06928002
-0.3616412
0.09809792
0.04769264
-0.1032786
-0.03205594
-0.1947837
-0.02621416
-0.03926591
0.1299756
-0.2453901
0.03424859
0.1144364
0.2122048
-0.2090046
-0.1465314
-0.02808098
0.1576422
0.1670135
-0.04089387
0.01845659
-0.3133962
-0.03326556
-0.02056495
-0.2826346
0.2949083
-0.01424347
-0.4865233
-0.02394978
0.1683195
0.01047802
0.08064396
-0.06068232
0.1301908
0.01862709
0.1152814
-0.2740308
0.02441362
0.5540523
-0.7872233
0.1570897
0.1910394
-0.9748003
0.1563832
0.005085023
0.0933198
0.1625743
-0.3350711
-0.1039893
0.01434579
0.1546219
0.1416029
0.1002743
0.05494957
-0.01481485
-0.1205325
0.1061004
0.1256408
-0.638701
0.02119264
-0.08383116
-0.08947672
-0.8239908
-0.5333221
-0.5630629
0.01593693
-0.03168991
-0.7590736
0.02219555
0.06144872
-0.07517781
0.1027844
-0.0618617
-0.174996
0.1568758
-0.3262398
0.2306097
-0.3414751
-0.318635
0.06764782
0.02707147
0.09280893
-0.08306528
-0.02553181
0.01086748
-0.0638912
-0.07207197
-0.1670745
-0.005111711
-0.06209398
-0.3795835
0.07333065
-0.2155169
-0.1627906
-0.9357988
-0.873921
-0.3996241
0.06424362
-0.2851657
-0.9822196
0.3926991
0.1104975
-0.07024929
0.03820697
-0.05365849
-0.06791135
0.08275671
-0.1683074
0.3493634
-0.6765696
0.2077326
-0.0127024
-0.1402223
0.2482201
0.1401142
-0.09778246
-0.09082715
0.1028619
0.06723907
-0.3380692
0.08018541
-0.340271
0.02026155
0.05357717
0.2239828
-0.1903617
-0.2318856
-0.04603394
-0.08648933
0.04663835
0.08967521
-0.4969218
0.2151654
-0.02946197
0.2862573
-0.07157998
-0.1096768
-0.3734636
0.105798
-1.028948
-0.02579234
-0.4845887
-0.004385687
0.08922312
0.2275757
0.1339567
0.1717279
-0.04747485
-0.1484233
0.04298728
0.0694695
-0.1488277
0.06078737
0.1233265
0.005138658
0.03803337
-0.19968
-0.21525
-1.117367
-0.8182191
-0.03511941
-0.02084935
0.1176779
-0.4002501
0.2541579
0.1033639
-0.08653659
-0.127987
-0.3898055
-0.4149668
0.1430949
-0.2185522
0.06706312
-0.357402
0.2067146
0.08984418
0.1507087
-0.09050202
0.01855012
-0.242832
-0.08089692
0.07286038
-0.05138335
-0.2989656
0.0755539
-0.2037506
-0.08527079
-0.006331041
-0.1889489
-0.2342925
-0.15651
0.1545053
0.008280937
0.0150461
0.1509734
-0.1041198
-0.0922934
-0.03189036
0.4030456
-0.0005458793
0.02874235
-0.2879507
-0.0673793
-0.6173706
0.0382725
-1.144171
-0.08166258
-0.02375428
0.1344466
-0.01245153
0.2241896
-0.02042811
-0.4360839
-0.2295174
0.01006635
-0.04473522
-0.2200104
0.270475
0.2817525
0.09017314
-0.3954429
0.1859939
-1.342695
-0.9581093
0.1429399
-0.06662607
0.1288456
-0.3671857
0.5614958
0.273342
-1.172155
-0.1494143
-0.5682485
-0.2124845
0.1470409
-0.3489258
0.06270919
-0.3476492
0.3676474
0.04513487
0.07579514
0.1736118
-0.1694693
-0.2658176
0.01850077
-0.2586925
-0.4187448
-0.1735724
0.3659179
0.04552188
-0.01248111
-0.08211291
0.1487289
0.1226142
0.07854868
0.06645922
0.01467701
-0.1455793
0.01706001
0.1147135
-0.6268809
0.1947665
0.03205718
-0.2009552
0.06705966
-0.2114169
-0.05304789
-0.03624525
-0.2088772
-0.2441779
0.250052
0.05119042
0.08318109
0.1652343
-0.032037
-0.2672343
-0.05486163
-0.3524459
-0.3888697
-0.2603696
0.006421777
0.1262407
0.1454129
-0.08920876
0.04553741
-0.2529227
0.07490274
0.1163009
0.03385553
-0.5976491
0.1206507
0.03351427
0.3695242
-0.004270056
0.1501017
-1.446201
-0.4316336
-0.05920448
0.08571415
0.07243178
-0.04088558
0.2137106
0.07711902
-0.08410409
0.2222434
-0.2425735
0.1658582
-0.6861843
0.0574267
0.0325641
0.00520188
-0.02843361
-0.02903414
0.07841843
-0.05741003
-0.0591393
2.487212e-05
-0.056926
0.08225604
0.03107282
-0.06327984
-0.07564776
-0.02916915
-0.1213461
